PenHeight=-1.3091690046546125
PenClear=4.360589896387022
PenHole=-3.2417546308331477
PenBump=-0.05611749576257452